aeroplane 0.274551 88 156 173 197
aeroplane 0.224924 244 177 282 250
aeroplane 0.196880 112 164 173 216
aeroplane 0.127944 21 151 78 200
aeroplane 0.100973 127 185 177 225
aeroplane 0.098851 0 107 74 158
aeroplane 0.079375 55 253 148 315
aeroplane 0.062851 0 146 76 187
aeroplane 0.054251 69 107 124 149
aeroplane 0.041361 366 205 421 238
aeroplane 0.037953 113 192 154 227
aeroplane 0.037043 142 186 142 189
aeroplane 0.029761 12 286 106 341
aeroplane 0.026541 240 180 358 248
aeroplane 0.022735 136 280 221 341
aeroplane 0.021820 17 252 98 304
aeroplane 0.021537 84 298 128 322
aeroplane 0.017162 433 155 480 195
aeroplane 0.015587 209 295 271 330
aeroplane 0.013210 8 51 90 126
aeroplane 0.011421 420 297 497 343
aeroplane 0.010756 229 180 282 197
aeroplane 0.008251 148 263 200 291
aeroplane 0.007514 134 0 219 57
aeroplane 0.006256 224 258 257 287
aeroplane 0.004708 419 142 496 207
aeroplane 0.001090 99 177 171 232
