car 0.390107 334 157 469 264
car 0.285794 230 167 382 242
car 0.190808 357 179 452 231
car 0.182921 388 171 488 246
car 0.167694 17 156 77 201
car 0.142082 70 161 136 193
car 0.138318 109 155 252 237
car 0.124549 185 147 343 254
car 0.100614 3 167 74 235
car 0.086451 54 157 153 202
car 0.085234 138 153 216 197
car 0.071361 112 179 233 210
car 0.053950 9 177 64 177
car 0.052859 71 176 141 212
car 0.040896 262 99 347 249
car 0.039216 211 144 313 210
car 0.034662 201 159 318 194
car 0.032921 53 170 162 222
car 0.012544 237 137 383 217
