aeroplane 0.364076 262 189 355 244
aeroplane 0.270522 163 155 215 197
aeroplane 0.265126 282 202 338 230
aeroplane 0.100272 360 227 434 270
aeroplane 0.097105 409 237 481 277
aeroplane 0.089473 369 211 409 234
aeroplane 0.067423 240 183 297 232
aeroplane 0.043633 146 158 216 238
aeroplane 0.020559 268 139 331 223
aeroplane 0.019235 300 237 332 264
aeroplane 0.013340 419 281 497 329
aeroplane 0.013079 9 295 70 327
aeroplane 0.009341 431 200 483 235
aeroplane 0.007960 121 0 230 48
aeroplane 0.007893 155 180 212 216
aeroplane 0.005972 397 195 495 252
aeroplane 0.001908 91 298 129 313
aeroplane 0.001429 214 151 285 205
aeroplane 0.001058 161 107 203 143
aeroplane 0.000839 134 284 230 327
