car 0.658160 27 212 249 376
car 0.275021 244 253 324 357
car 0.223889 0 211 64 274
car 0.101878 0 151 76 255
car 0.095643 172 103 306 172
car 0.084553 35 146 101 203
car 0.083591 11 165 56 209
car 0.078240 181 127 304 197
car 0.057574 319 266 370 347
car 0.045778 129 95 259 171
car 0.045116 64 231 218 334
car 0.024834 241 68 358 178
car 0.023324 150 135 222 178
car 0.017074 0 166 60 301
car 0.016811 4 187 158 320
car 0.009526 2 221 63 398
car 0.008954 40 212 118 273
car 0.004815 156 113 216 156
car 0.001234 61 406 209 500
car 0.000171 311 137 360 193
