aeroplane 0.420836 7 155 256 243
aeroplane 0.275645 56 183 269 214
aeroplane 0.251774 48 224 486 361
aeroplane 0.243016 342 165 464 178
aeroplane 0.166231 29 164 470 328
aeroplane 0.150571 31 168 204 221
aeroplane 0.090473 402 157 489 189
aeroplane 0.064697 268 228 486 340
aeroplane 0.056154 154 183 330 205
aeroplane 0.053203 354 158 466 199
aeroplane 0.051672 362 150 443 150
aeroplane 0.049822 411 133 486 168
aeroplane 0.042539 265 148 384 227
aeroplane 0.036187 10 184 100 208
aeroplane 0.021829 63 139 424 260
aeroplane 0.017075 6 324 108 366
aeroplane 0.009359 65 295 302 375
aeroplane 0.006536 0 147 66 219
