car 0.433878 0 161 120 272
bus 0.299435 220 103 316 214
car 0.234133 328 172 413 242
bus 0.229506 233 129 310 188
car 0.199113 349 184 403 225
car 0.149230 311 157 371 253
car 0.120872 256 187 411 232
car 0.095341 31 165 136 242
car 0.089473 8 140 91 219
car 0.074041 56 183 123 223
car 0.054520 457 186 486 216
car 0.036499 144 138 218 203
car 0.031559 0 218 68 296
car 0.030500 70 155 155 198
car 0.021230 421 144 484 192
bus 0.011517 230 94 299 176
car 0.009777 131 170 196 224
car 0.003348 222 278 273 312
bus 0.001128 246 84 359 250
