car 0.253907 293 58 344 79
car 0.244929 309 98 461 231
car 0.239723 435 56 495 95
car 0.223031 154 130 303 250
car 0.199948 124 38 207 114
car 0.150150 279 47 352 91
car 0.135786 83 49 164 104
car 0.130876 228 61 270 79
car 0.122978 436 70 500 142
car 0.110014 93 80 141 120
car 0.107369 340 130 423 200
car 0.092035 273 16 364 52
car 0.087280 20 60 71 96
car 0.077140 301 74 350 128
car 0.048357 344 46 433 83
car 0.041361 132 80 206 118
car 0.039314 439 84 483 123
car 0.034366 352 93 423 137
car 0.028766 141 9 212 48
car 0.008215 221 58 286 100
car 0.005296 92 270 267 326
car 0.002076 14 71 72 149
