car 0.269951 226 233 268 278
car 0.194321 312 226 353 274
car 0.130362 345 237 401 267
car 0.096974 78 244 159 322
car 0.096054 159 260 193 287
car 0.072878 224 266 249 289
car 0.063664 71 217 151 285
car 0.047544 301 255 349 291
car 0.045136 433 258 492 315
car 0.034519 459 242 480 260
car 0.026386 90 233 149 271
aeroplane 0.026351 74 76 298 205
car 0.019669 145 211 219 296
car 0.018185 2 216 85 283
car 0.011712 427 310 494 370
car 0.008318 429 228 484 272
car 0.002367 89 300 248 365
car 0.001728 343 250 412 300
