car 0.356246 210 183 276 214
car 0.148220 64 176 160 301
car 0.111079 355 163 438 288
car 0.108962 351 176 426 230
car 0.092417 424 173 482 228
car 0.085051 428 148 490 256
car 0.067249 408 168 500 287
car 0.053720 446 200 490 240
car 0.044270 73 201 162 271
car 0.035805 346 232 468 365
car 0.028572 373 203 415 246
car 0.020033 404 294 500 375
car 0.019914 328 292 460 375
car 0.018252 210 183 290 245
car 0.017923 11 175 85 312
car 0.010585 225 317 273 353
car 0.010245 103 297 261 375
car 0.005035 101 183 132 207
car 0.001145 18 151 63 248
