aeroplane 0.328439 104 155 166 198
aeroplane 0.289005 97 173 143 190
aeroplane 0.217671 218 182 286 234
aeroplane 0.191330 113 189 172 192
aeroplane 0.189518 50 255 155 317
aeroplane 0.134587 21 160 75 189
aeroplane 0.088213 218 187 276 197
aeroplane 0.087129 11 99 84 156
aeroplane 0.064686 78 107 129 158
aeroplane 0.063089 2 115 70 150
aeroplane 0.057695 129 195 183 222
aeroplane 0.057659 107 195 154 222
aeroplane 0.050870 149 210 174 210
aeroplane 0.047862 83 292 130 320
aeroplane 0.044617 0 154 82 183
aeroplane 0.021304 356 209 425 232
aeroplane 0.019467 431 165 480 194
aeroplane 0.016239 216 296 259 325
aeroplane 0.015498 145 265 190 288
aeroplane 0.012194 23 254 97 304
aeroplane 0.009601 13 201 59 228
aeroplane 0.006766 146 121 193 153
aeroplane 0.005540 346 298 420 334
aeroplane 0.005456 9 279 100 341
aeroplane 0.003057 427 303 489 336
aeroplane 0.002390 362 3 428 46
aeroplane 0.001540 7 39 88 121
