car 0.322853 127 148 239 210
car 0.237829 139 159 225 187
car 0.081939 146 129 216 164
car 0.042750 272 63 373 118
car 0.035154 295 71 352 106
car 0.031708 3 37 79 107
car 0.031652 292 99 339 130
car 0.029008 67 18 126 38
car 0.027876 221 69 278 89
car 0.027439 119 113 247 185
car 0.017917 43 46 138 104
car 0.016160 4 14 55 41
car 0.014138 1 145 67 226
car 0.011350 435 64 485 111
car 0.010286 247 78 384 162
car 0.009895 88 151 151 204
car 0.007129 129 2 220 49
car 0.004390 4 215 49 250
car 0.003361 332 51 427 118
car 0.001102 364 118 400 133
