aeroplane 0.219980 157 203 237 232
aeroplane 0.167550 164 220 243 220
aeroplane 0.055926 172 213 269 222
aeroplane 0.046478 175 196 270 222
aeroplane 0.041818 14 189 81 221
aeroplane 0.038883 355 180 420 219
aeroplane 0.030658 430 211 489 242
aeroplane 0.022864 362 218 419 237
aeroplane 0.022434 7 211 73 247
aeroplane 0.018203 292 189 344 211
aeroplane 0.012970 271 206 366 249
aeroplane 0.012785 70 207 125 244
aeroplane 0.008390 414 189 500 218
aeroplane 0.007596 86 327 131 350
aeroplane 0.004137 114 0 226 55
