aeroplane 0.347159 283 199 344 228
aeroplane 0.225832 158 161 204 189
aeroplane 0.205983 273 151 360 277
aeroplane 0.094431 155 155 220 197
aeroplane 0.081736 360 207 416 231
aeroplane 0.055169 350 228 439 277
aeroplane 0.053165 212 158 282 196
aeroplane 0.036400 412 237 483 272
aeroplane 0.035673 224 185 301 225
aeroplane 0.018904 277 163 331 195
aeroplane 0.017996 161 198 198 205
aeroplane 0.016643 432 204 472 228
aeroplane 0.013592 156 111 198 138
aeroplane 0.004541 117 0 227 47
aeroplane 0.004491 394 187 500 254
aeroplane 0.004413 152 181 208 222
aeroplane 0.003703 88 295 125 308
aeroplane 0.002895 7 193 65 221
aeroplane 0.002846 423 285 489 325
