car 0.623406 35 206 246 390
car 0.233096 0 192 63 278
car 0.201288 239 237 327 359
car 0.130843 7 169 54 215
car 0.124116 0 150 74 249
car 0.100606 256 268 314 337
car 0.094302 10 148 120 245
car 0.091723 48 254 227 343
car 0.067657 37 159 105 205
car 0.053816 150 135 222 185
car 0.046890 136 98 265 159
car 0.042269 182 103 300 167
car 0.023125 317 266 370 342
car 0.020670 43 210 117 266
car 0.007699 206 133 270 179
car 0.004615 7 190 150 309
car 0.002953 158 111 212 152
car 0.001054 0 272 42 329
