car 0.282082 169 114 283 250
car 0.252219 322 117 464 205
car 0.233063 131 48 211 105
car 0.188011 429 53 496 104
car 0.172628 283 62 340 75
car 0.129258 285 53 350 81
car 0.126380 233 63 275 82
car 0.116927 421 71 498 145
car 0.097140 74 59 160 102
car 0.084093 88 86 151 122
car 0.069150 264 15 357 45
car 0.062546 234 62 298 90
car 0.061769 357 105 420 131
car 0.053388 127 76 220 121
car 0.050853 13 51 76 98
car 0.044130 435 95 474 122
car 0.040207 300 81 344 120
car 0.024473 14 121 72 216
car 0.019213 5 80 71 143
car 0.019096 16 89 43 140
car 0.016999 139 10 214 46
car 0.012014 425 100 500 229
car 0.005261 342 48 442 88
