dog 0.195172 26 263 295 478
car 0.109414 65 65 172 162
car 0.066604 7 95 62 227
car 0.065253 3 128 40 201
car 0.055079 203 75 325 166
car 0.048637 1 65 53 165
car 0.048331 255 60 333 182
dog 0.037341 195 200 327 445
car 0.026121 74 109 163 215
dog 0.026065 47 93 297 427
car 0.022851 33 125 94 201
car 0.015652 82 21 154 66
car 0.012417 238 125 294 188
car 0.010791 227 78 322 251
dog 0.010070 67 254 254 407
car 0.008762 280 121 322 183
car 0.004189 9 77 119 248
car 0.002570 125 56 188 132
car 0.002162 48 18 102 47
