car 0.419059 201 170 277 221
car 0.260593 350 161 450 296
car 0.146341 58 179 170 295
car 0.095921 427 197 495 249
car 0.087973 395 162 500 298
car 0.074926 79 207 159 255
car 0.070314 361 202 430 247
car 0.067118 421 178 490 224
car 0.065593 190 185 294 245
car 0.040192 117 185 219 269
car 0.040135 14 161 64 233
car 0.027351 4 172 87 295
car 0.024383 364 197 419 212
car 0.022251 6 204 60 253
car 0.013717 327 215 476 365
car 0.009802 334 298 459 375
car 0.007567 178 125 306 278
car 0.005902 56 223 174 354
car 0.003861 101 183 136 203
car 0.002622 412 298 500 375
