003998.jpg 12 60 500 307 3
009365.jpg 231 142 298 201 0
007921.jpg 58 257 234 351 3
005305.jpg 74 358 266 462 3
004632.jpg 121 143 230 306 5 212 147 382 300 5
008036.jpg 186 68 422 330 5
006350.jpg 20 68 454 228 0
006940.jpg 77 44 500 368 5
007245.jpg 164 118 500 317 5 3 26 447 353 5
006184.jpg 54 94 449 322 0
000700.jpg 12 224 56 252 3 1 217 16 264 3 402 227 426 239 3 430 225 463 239 3 141 238 223 276 3 125 246 477 333 3
007038.jpg 32 59 332 374 4
002783.jpg 281 295 338 354 2
007524.jpg 52 47 333 472 4
001436.jpg 185 125 330 167 0
006421.jpg 318 161 358 186 3 59 158 158 198 3
009205.jpg 1 47 491 251 3 1 128 311 329 3
007376.jpg 82 144 464 254 2
000857.jpg 235 25 353 131 4
008310.jpg 2 2 500 327 0
002376.jpg 1 32 458 224 0
006258.jpg 2 11 374 421 0
001384.jpg 90 140 334 324 3 330 18 450 107 3 259 89 333 142 3
006748.jpg 47 265 213 385 3 178 180 337 279 3
004866.jpg 111 97 237 192 4
009019.jpg 40 133 450 244 5
000242.jpg 3 3 499 287 4
001595.jpg 268 162 442 296 2 40 158 275 288 2
000221.jpg 72 77 432 253 3
006124.jpg 31 103 452 303 3
001211.jpg 267 215 409 500 4 1 9 224 281 5
003489.jpg 280 32 456 257 5
006366.jpg 1 31 461 384 5
008060.jpg 5 126 500 352 3
001680.jpg 91 104 331 500 5
000012.jpg 156 97 351 270 3
005290.jpg 227 121 287 181 0
005530.jpg 4 164 164 303 2 99 169 281 303 2 214 173 355 283 2 286 175 433 285 2
008472.jpg 12 22 489 448 0
006146.jpg 108 197 275 294 1
003793.jpg 30 26 348 500 4
000672.jpg 12 91 495 307 3
000871.jpg 8 114 491 292 3
000823.jpg 49 160 343 265 3
007071.jpg 1 2 360 333 4
008969.jpg 43 110 468 375 3 418 121 500 183 3
007950.jpg 1 315 56 350 3 110 311 171 338 3 84 312 120 335 3 37 310 82 336 3
005350.jpg 85 140 400 249 3
002247.jpg 9 259 375 451 3
005072.jpg 4 78 456 299 3
004434.jpg 142 193 366 318 5
003763.jpg 1 1 407 375 4
009250.jpg 3 1 351 499 1
000266.jpg 98 19 374 500 5
006218.jpg 134 59 383 207 2 438 145 490 183 3
007144.jpg 3 25 500 270 2
009432.jpg 5 90 497 260 0
007090.jpg 75 203 321 365 3
002011.jpg 26 88 498 351 5
004936.jpg 2 1 500 357 1
003635.jpg 3 45 500 325 2
002045.jpg 24 43 475 335 3 362 80 500 169 3
009168.jpg 151 64 387 333 5
006869.jpg 167 111 493 273 4
002537.jpg 14 6 448 362 5
004683.jpg 22 2 426 291 4
001215.jpg 31 71 473 317 1
000131.jpg 1 99 475 266 3
006484.jpg 301 192 458 329 3
002566.jpg 238 144 367 196 2 34 181 104 207 3
008750.jpg 24 81 479 304 3
000876.jpg 117 31 376 329 4 261 14 398 132 4
006329.jpg 36 70 480 291 3
007677.jpg 99 124 375 257 0
008372.jpg 200 93 359 182 0
000019.jpg 231 88 483 256 4 11 113 266 259 4
000134.jpg 1 115 487 330 3
007205.jpg 130 149 201 220 3 10 188 141 325 3
007838.jpg 230 103 318 264 5
006026.jpg 214 93 479 207 4 2 114 293 375 5
002667.jpg 5 76 500 333 3
009685.jpg 53 147 488 357 2
009797.jpg 132 50 238 303 5 222 110 396 312 5
007088.jpg 185 160 457 277 0
005423.jpg 3 140 131 192 3 206 139 297 181 3 61 139 319 325 3
005028.jpg 4 77 312 322 3 294 118 495 292 3
001816.jpg 1 36 369 250 4
009476.jpg 47 114 479 278 0
006657.jpg 190 72 341 269 4
007363.jpg 32 98 419 264 3
003271.jpg 41 78 467 326 3
008477.jpg 27 118 271 358 5 259 63 500 358 5
006523.jpg 189 186 312 230 0
000420.jpg 78 29 475 347 3
001643.jpg 1 42 472 323 5
003954.jpg 6 118 135 180 3 159 148 278 217 3 156 227 316 324 3
001270.jpg 31 126 448 234 0
009278.jpg 81 280 121 326 1
007976.jpg 204 129 228 151 0 232 154 254 177 0 266 185 288 207 0 265 206 288 228 0 272 229 294 249 0
000982.jpg 67 37 345 345 0
009178.jpg 2 83 500 324 3
004737.jpg 185 55 500 332 5
009886.jpg 87 67 395 305 4
005850.jpg 54 117 348 322 4
003807.jpg 36 67 500 375 4 44 39 398 344 4
005620.jpg 4 66 496 236 0
000207.jpg 1 205 113 320 2
006277.jpg 65 70 447 322 3
009729.jpg 104 61 373 259 3
002454.jpg 100 73 263 200 3
005483.jpg 63 72 376 230 3 1 150 89 257 3
009863.jpg 199 111 395 191 3 37 164 401 333 3
002784.jpg 64 48 333 500 5
000215.jpg 144 81 338 411 4
002255.jpg 87 70 311 269 0
002523.jpg 35 25 485 346 1
004850.jpg 245 92 405 195 3
001069.jpg 264 75 438 136 3 1 117 117 181 3
002257.jpg 222 220 299 347 1
007900.jpg 187 116 325 286 5
006353.jpg 1 2 500 375 4
001669.jpg 21 75 364 337 4
006058.jpg 1 107 499 375 3
000935.jpg 67 207 111 243 3
004747.jpg 1 46 472 351 3
004129.jpg 2 34 460 319 4
005586.jpg 116 107 212 301 4
009174.jpg 6 54 500 321 2 266 252 490 375 3 40 252 206 328 3
003425.jpg 44 1 408 291 5
007857.jpg 129 106 228 185 0
009060.jpg 51 67 500 333 3 2 105 125 224 3
007212.jpg 143 9 445 331 5
007654.jpg 259 78 400 247 0
008680.jpg 223 166 316 218 2 335 140 500 359 3 4 195 178 310 3 174 207 286 266 3 275 202 354 248 3
002373.jpg 47 18 407 319 3 284 1 339 10 3
005911.jpg 2 50 500 314 2
007575.jpg 15 1 473 235 2
000373.jpg 19 343 319 453 3
002760.jpg 256 28 500 277 4 1 7 273 294 4
000020.jpg 33 148 371 416 3
007753.jpg 2 1 500 374 4
009852.jpg 153 121 482 375 4
000528.jpg 124 68 319 310 4
007297.jpg 47 61 440 192 0
001675.jpg 29 25 458 330 5
004644.jpg 1 26 186 260 5
008115.jpg 195 159 278 241 5 107 110 187 158 5 72 125 138 200 5 366 110 420 185 5 396 136 440 192 5 470 130 500 202 5
008322.jpg 100 29 248 294 5 235 46 500 310 5
008770.jpg 185 106 337 190 0
008001.jpg 252 25 500 131 3 393 86 500 151 3 52 96 458 282 3
002340.jpg 100 136 384 284 3 107 116 152 135 3
006781.jpg 7 10 220 367 4
008978.jpg 212 146 491 358 3
009810.jpg 23 61 468 259 3
005293.jpg 99 80 184 195 5
003177.jpg 54 2 375 435 5
009763.jpg 281 131 484 269 4 42 32 334 318 5
009560.jpg 4 3 244 171 4
007855.jpg 7 145 449 295 2 447 216 475 232 3
001981.jpg 36 1 329 273 4
003814.jpg 116 75 423 314 4
006306.jpg 1 71 348 213 0
007322.jpg 111 4 360 347 5
003183.jpg 220 176 243 191 0
005812.jpg 291 182 466 275 5 11 165 127 291 5
000610.jpg 50 83 500 285 0
004551.jpg 1 1 493 375 5
002355.jpg 18 137 488 314 3
000730.jpg 5 52 495 234 0
008075.jpg 1 64 298 375 5
002670.jpg 22 143 374 429 5
000763.jpg 20 116 484 212 0
009963.jpg 2 3 374 500 3
004379.jpg 162 181 305 228 0
001488.jpg 254 152 385 204 3
000311.jpg 47 42 433 354 3
006918.jpg 149 112 418 300 3 1 147 172 230 3
008917.jpg 211 14 500 500 4
009932.jpg 68 324 284 498 3
008727.jpg 3 249 375 500 3
006725.jpg 153 81 422 248 4
001842.jpg 98 133 498 215 0 1 158 164 217 0
004907.jpg 177 1 440 329 4
000855.jpg 118 338 258 462 2 61 404 109 436 3 41 408 64 430 3
006766.jpg 100 289 499 357 2 298 339 475 375 3 263 309 442 372 3 58 345 231 375 3
002420.jpg 81 48 475 251 3
009898.jpg 3 3 498 331 3
006305.jpg 205 77 429 375 4
007898.jpg 1 1 400 366 3
003493.jpg 137 119 440 234 0
008929.jpg 1 57 441 240 3
000746.jpg 95 57 433 333 5
004873.jpg 8 119 371 355 3
000228.jpg 92 82 314 228 0
007633.jpg 1 117 236 269 2 225 126 344 255 2 340 130 500 238 2
002704.jpg 12 97 332 500 3 106 83 297 166 3
003798.jpg 204 181 392 282 3
004814.jpg 1 33 500 265 4
002956.jpg 245 178 472 334 1
001492.jpg 185 168 487 316 3 45 157 104 187 3 1 158 43 189 3
006105.jpg 44 5 151 443 4
005970.jpg 93 114 333 500 4
004365.jpg 57 78 484 282 3
005387.jpg 45 172 415 305 2 2 254 45 269 3
000738.jpg 1 124 496 235 0
003103.jpg 33 64 328 186 3
003392.jpg 135 3 497 375 4
001194.jpg 72 180 281 340 1
003274.jpg 148 77 298 239 5
002779.jpg 32 132 229 234 3 284 126 440 243 3
003937.jpg 1 2 312 333 4
009386.jpg 3 2 409 374 2
009358.jpg 282 236 362 297 2 427 309 500 353 3 330 297 401 338 3
007427.jpg 404 160 500 375 3 379 142 500 357 3 269 208 313 284 3
003154.jpg 162 102 468 302 2
006396.jpg 101 110 171 167 3 352 95 454 133 3 235 101 350 137 3 309 95 373 119 3 183 93 271 139 3 160 97 185 109 3 1 99 27 126 3
001102.jpg 33 1 283 149 0
001110.jpg 19 73 264 305 4 254 66 498 326 4
008087.jpg 73 133 458 280 3
007933.jpg 8 42 492 351 1
008450.jpg 178 102 447 205 0
003820.jpg 1 3 500 375 3
009667.jpg 144 186 385 348 1
000379.jpg 46 16 443 341 1
008280.jpg 2 90 500 281 0
004816.jpg 113 37 365 294 5
005078.jpg 75 13 500 375 4
008534.jpg 143 21 487 387 4
000936.jpg 299 10 347 63 0 314 105 364 156 0 334 149 378 200 0 261 208 305 254 0 155 277 201 329 0
004566.jpg 76 97 353 315 4 211 1 500 250 4
003620.jpg 74 1 451 257 4
001258.jpg 101 92 423 287 3
006190.jpg 72 35 409 264 5
008793.jpg 134 1 433 241 2
003993.jpg 45 87 418 245 0
002359.jpg 12 114 351 375 5
005756.jpg 40 167 463 303 3
000648.jpg 29 113 353 266 2
001881.jpg 62 77 456 357 3 1 77 117 203 3 381 76 495 120 3
008268.jpg 461 148 495 172 3 22 85 471 324 3 1 129 158 244 3
000256.jpg 8 96 491 232 0
001553.jpg 213 113 297 187 1 249 330 316 367 1
003971.jpg 26 125 479 273 3
008222.jpg 49 98 276 422 5
001517.jpg 19 109 416 291 5
003272.jpg 226 119 434 311 4
001226.jpg 105 50 499 274 5
001618.jpg 53 104 473 263 3
005782.jpg 54 93 411 226 3
003169.jpg 54 113 474 332 4
006434.jpg 147 1 500 375 5
004905.jpg 2 8 197 280 0
000209.jpg 14 76 400 375 4
004293.jpg 120 218 302 359 5
002125.jpg 58 154 467 310 3
007133.jpg 4 111 375 372 3 20 135 167 192 3
008057.jpg 61 119 378 224 3
001274.jpg 138 196 230 344 4
007249.jpg 74 54 352 345 4
005026.jpg 1 170 354 294 2 344 210 428 258 2
007551.jpg 49 65 252 485 1
007294.jpg 270 172 361 252 3
008847.jpg 115 45 292 270 0
002407.jpg 43 16 300 495 4
008572.jpg 34 61 457 320 3
006547.jpg 23 97 273 500 4
005393.jpg 53 46 432 175 0
008966.jpg 128 27 500 303 2
008258.jpg 13 36 350 500 4
000962.jpg 4 137 493 375 4
004565.jpg 3 133 390 497 5
006474.jpg 1 28 500 333 5
007885.jpg 16 29 344 485 4
002732.jpg 81 4 325 242 5
001892.jpg 4 3 500 373 2
004896.jpg 1 69 500 243 0
007525.jpg 134 185 404 337 3
004793.jpg 28 132 295 372 3
003379.jpg 68 114 409 213 3
005018.jpg 191 85 412 308 5 23 5 250 198 5
002690.jpg 82 296 327 500 5
004318.jpg 1 61 365 283 5
009658.jpg 31 85 250 302 4
004008.jpg 133 55 288 310 5
000406.jpg 54 285 114 313 3
009268.jpg 127 123 369 377 5
000091.jpg 125 241 195 284 3 81 248 105 268 3 91 250 126 274 3
002734.jpg 449 45 500 94 3 319 45 420 92 3 250 6 432 80 2
003786.jpg 171 165 287 273 2
006759.jpg 3 127 444 375 2
006654.jpg 1 8 157 140 3
001078.jpg 2 101 245 375 4
008174.jpg 41 1 500 320 3
009905.jpg 43 97 465 236 0
002942.jpg 222 153 312 192 0
003339.jpg 21 24 314 288 5
004390.jpg 10 89 493 230 0
005199.jpg 22 215 481 344 3
005455.jpg 89 34 333 250 4
007374.jpg 197 219 320 274 3 42 207 132 264 3
001230.jpg 68 154 399 253 0
006096.jpg 30 48 472 324 2
003415.jpg 197 2 500 217 4 128 153 334 373 4
001922.jpg 65 75 470 269 0
001936.jpg 84 185 134 208 0 202 153 255 178 0 249 189 298 211 0
007731.jpg 26 189 340 474 3
009195.jpg 101 51 257 419 5
000033.jpg 9 107 499 263 0 421 200 482 226 0 325 188 411 223 0
004982.jpg 5 111 500 221 0
006042.jpg 205 102 318 213 5
000772.jpg 49 115 360 480 5
006214.jpg 357 187 440 262 1
000663.jpg 12 2 417 467 2 7 39 63 94 3 376 36 422 81 3
009772.jpg 5 145 375 500 4
009794.jpg 1 14 324 500 4
004391.jpg 206 153 320 183 0
002056.jpg 93 139 303 402 2 331 260 375 381 3
001954.jpg 18 54 166 194 3 1 37 82 372 3 118 119 337 251 3
000934.jpg 1 36 500 291 0
005312.jpg 111 53 364 366 4
007086.jpg 14 91 500 265 0
002197.jpg 1 116 330 336 3 335 131 500 209 3
007285.jpg 2 43 375 500 3
000122.jpg 36 20 430 474 4
006018.jpg 244 165 419 292 2 419 217 457 267 3 455 229 500 269 3 1 209 167 310 3 193 234 231 284 3
006418.jpg 1 1 479 333 1
002196.jpg 4 2 375 500 4
006129.jpg 9 114 487 215 0
008252.jpg 63 130 487 253 0
007864.jpg 22 64 148 148 0
008826.jpg 346 188 500 336 3
009409.jpg 385 172 500 226 2 168 166 353 223 2 1 132 91 263 2 89 201 201 245 3
005121.jpg 30 91 205 333 5 344 66 500 333 5
003642.jpg 26 58 461 226 2
007486.jpg 1 66 408 207 0
008859.jpg 128 100 219 148 3 104 82 167 121 3
003599.jpg 126 34 376 327 1
003194.jpg 1 16 374 299 5
008300.jpg 3 1 500 330 0
004705.jpg 394 181 455 226 2 1 206 104 270 3
000515.jpg 64 164 151 210 3 147 167 186 200 3
005668.jpg 2 131 185 373 5 167 117 338 373 5 293 112 500 324 5
001962.jpg 407 99 500 333 2
002095.jpg 5 21 289 380 4
000582.jpg 1 1 373 411 5
002796.jpg 130 227 306 364 4
009392.jpg 410 194 500 331 2 249 230 294 247 3 215 223 249 237 3 173 223 206 237 3 290 223 314 233 3 19 224 51 238 3 1 283 74 331 3
005549.jpg 136 202 196 239 3
007484.jpg 356 120 500 333 2 75 96 330 350 2
009823.jpg 3 4 498 374 5
008756.jpg 210 121 289 174 4
004035.jpg 74 149 206 262 4 231 15 394 297 5
008723.jpg 5 66 468 252 0
008951.jpg 3 17 375 500 5
002480.jpg 146 111 407 312 4
006301.jpg 408 308 453 326 3
007863.jpg 201 140 440 296 4
001233.jpg 64 143 257 500 4
008484.jpg 1 1 407 315 3
009832.jpg 277 11 500 350 2
008759.jpg 147 1 500 374 1
001940.jpg 1 163 328 500 4 17 12 313 182 5
009058.jpg 1 1 484 287 3
000896.jpg 2 189 256 294 0
006462.jpg 67 2 375 500 4
006267.jpg 84 156 394 301 5 100 72 230 198 5
008601.jpg 79 16 500 364 3 295 66 500 203 3 244 7 353 48 3
003359.jpg 22 31 426 365 3 342 37 500 229 3
002512.jpg 82 40 298 296 5 258 128 450 347 5 1 188 299 375 1
008186.jpg 2 4 484 442 5
003846.jpg 171 93 263 234 5
001604.jpg 8 107 234 230 3 110 126 291 264 3 245 88 500 340 3
000671.jpg 48 330 268 471 1
001404.jpg 57 22 443 361 4
009733.jpg 75 4 479 319 3
006330.jpg 313 301 394 338 3 415 307 469 345 3 442 307 500 363 3 120 307 189 339 3 80 304 124 332 3 226 312 270 333 3 12 306 40 322 3 106 277 227 334 2
007503.jpg 15 37 500 366 0
008980.jpg 53 58 372 428 5
000026.jpg 90 125 337 212 3
005318.jpg 109 37 421 291 3
006206.jpg 196 245 345 354 1 171 238 302 350 1 325 240 500 375 3
001332.jpg 20 26 82 72 0
001156.jpg 100 80 414 324 4
005131.jpg 76 1 373 375 4
004890.jpg 56 97 454 313 3
007329.jpg 23 7 500 367 4
006909.jpg 1 7 485 375 0
003240.jpg 184 141 374 278 3 1 412 130 500 3 49 339 111 416 1 4 1 145 31 3
000403.jpg 157 90 486 372 4
005259.jpg 19 69 433 302 3
003420.jpg 25 216 121 266 3 111 219 203 264 3 178 219 270 262 3 242 223 333 260 3 293 226 380 261 3 351 230 429 261 3
000329.jpg 219 220 241 237 3
004016.jpg 111 59 391 292 4
003549.jpg 4 41 192 202 1 159 48 350 215 1
008236.jpg 199 156 253 192 0 220 188 268 227 0
000842.jpg 82 79 500 356 5
007295.jpg 119 141 397 287 4
000787.jpg 120 93 423 279 3
008502.jpg 2 51 385 500 3
004242.jpg 3 13 474 374 3
004983.jpg 79 50 265 440 1 1 1 317 82 3
009523.jpg 125 150 231 252 0
003243.jpg 153 195 223 227 3 364 200 426 230 3
007197.jpg 92 57 364 334 4
004910.jpg 22 182 306 394 2
008403.jpg 229 17 499 385 4
008461.jpg 261 135 355 171 3 154 161 358 224 3
004015.jpg 73 23 302 375 5
008880.jpg 154 54 404 323 4
006632.jpg 300 256 472 365 3 224 276 270 315 1
004185.jpg 27 89 464 279 4
005003.jpg 188 161 251 192 3
000400.jpg 11 49 332 489 4
005408.jpg 87 113 335 269 5
005524.jpg 22 48 334 297 5
001127.jpg 42 125 203 330 5 195 136 295 288 5 283 113 496 241 5
006883.jpg 93 131 252 250 4
001294.jpg 324 151 404 210 3 93 161 123 179 3
000430.jpg 6 1 500 326 4
004082.jpg 170 74 261 331 1
007033.jpg 1 4 500 375 0
005584.jpg 334 192 488 319 3
008004.jpg 195 192 325 310 2
002393.jpg 56 40 162 85 3 136 33 302 103 3 449 35 500 92 3 111 49 500 321 3
008809.jpg 38 40 443 221 4
006501.jpg 118 1 500 211 2
004643.jpg 9 62 472 306 0
002364.jpg 169 108 397 276 5
003285.jpg 27 118 193 259 3 231 131 330 162 3 249 138 426 189 3
003443.jpg 59 96 229 233 5
009117.jpg 188 27 500 373 5
000336.jpg 4 7 472 426 5
004376.jpg 111 16 500 374 4
009281.jpg 29 3 425 375 1
006385.jpg 219 158 295 325 5
003792.jpg 16 108 150 260 5 178 108 410 288 5 351 87 474 267 5
006223.jpg 128 90 426 266 3
006443.jpg 117 131 295 216 0
002977.jpg 295 78 433 288 5 191 116 321 264 5
006375.jpg 371 142 437 182 3 194 155 291 218 3 28 160 196 306 3
009185.jpg 140 64 433 322 5
009315.jpg 251 117 376 218 2 109 138 255 195 2
002966.jpg 2 2 500 333 5
004581.jpg 15 94 477 278 3
006208.jpg 2 106 499 266 0
003094.jpg 19 30 500 259 3
006025.jpg 21 119 449 232 0
003511.jpg 52 9 469 323 1
005110.jpg 83 33 384 152 3 405 96 461 142 3 2 158 133 287 3 126 176 189 232 3 180 186 206 217 3
001160.jpg 219 99 269 141 0
007916.jpg 13 82 491 229 0
005609.jpg 15 29 482 315 3 313 3 500 147 3 160 5 323 100 3 61 3 136 47 3 1 29 70 143 3
000543.jpg 22 86 433 344 3 23 96 91 146 3 298 87 500 243 3
001324.jpg 57 44 156 333 5 206 35 403 315 5
005169.jpg 161 191 200 252 4 342 53 375 88 3 220 58 264 92 3
003784.jpg 32 232 311 407 1
001124.jpg 189 140 257 213 2
008518.jpg 81 53 374 248 5
008483.jpg 202 137 348 186 3
007152.jpg 28 44 91 113 0 47 151 111 212 0 65 239 127 299 0 189 143 255 205 0 164 29 228 96 0 397 15 462 83 0
005445.jpg 32 233 353 497 4
009707.jpg 79 130 274 249 4
000705.jpg 3 18 489 219 4
005067.jpg 400 233 441 273 3
001982.jpg 85 50 379 348 4
009629.jpg 225 165 363 189 0
002682.jpg 168 151 330 279 3
000143.jpg 170 46 500 333 4
001281.jpg 169 121 394 234 3
000908.jpg 1 61 500 375 0
005068.jpg 8 411 212 485 2
004272.jpg 163 146 367 394 5
009029.jpg 49 46 280 147 3
004841.jpg 107 200 171 243 0 350 108 375 125 0
009904.jpg 72 343 160 389 3
002880.jpg 51 35 388 471 5
002281.jpg 1 30 387 213 3
006813.jpg 214 56 498 199 4 3 93 224 283 4
006593.jpg 2 3 499 333 3
003142.jpg 52 39 402 344 1
006261.jpg 246 330 392 438 3 1 259 74 350 3
005895.jpg 274 204 316 235 0
008355.jpg 174 85 500 333 4
009549.jpg 3 62 378 375 4
000132.jpg 43 66 279 363 2
008093.jpg 1 284 84 375 3
008971.jpg 83 48 462 244 0
001693.jpg 2 93 458 312 3
009116.jpg 9 172 456 355 3
001911.jpg 254 123 400 213 0
004544.jpg 70 53 465 282 2
000754.jpg 56 81 157 170 2 94 124 150 158 1
007958.jpg 162 101 330 306 4
008100.jpg 1 70 227 372 4
008098.jpg 73 176 100 192 3 267 156 362 198 3 360 163 486 214 3 298 133 395 181 2 98 113 230 213 2
005579.jpg 54 160 212 237 4 129 192 368 301 4
001840.jpg 128 174 321 296 4
000334.jpg 37 110 273 178 3
007490.jpg 230 214 384 285 3 104 211 264 278 3
007775.jpg 45 89 248 284 5
007437.jpg 98 105 295 249 2
007824.jpg 148 162 440 333 4
001119.jpg 250 178 343 215 3
002178.jpg 100 136 460 320 3
004178.jpg 80 98 309 298 5 282 77 500 267 5
006603.jpg 12 323 78 427 1
001192.jpg 294 172 372 317 5 148 107 216 234 5
002680.jpg 4 36 500 334 5
003092.jpg 154 46 440 247 3
007736.jpg 57 149 134 206 2 180 176 244 213 3 150 178 188 204 3
003987.jpg 2 379 280 499 3
001738.jpg 125 68 323 300 5
009015.jpg 232 128 431 242 2 1 211 54 333 3 114 196 153 220 3 213 202 233 228 3 72 199 113 221 3
003176.jpg 139 160 287 311 3
006860.jpg 173 125 305 196 0
007074.jpg 33 89 479 305 2
009920.jpg 9 213 321 419 3
000720.jpg 217 118 305 263 5
003522.jpg 249 2 500 328 4
005486.jpg 41 71 454 322 3 252 69 500 195 3
006515.jpg 26 66 470 320 1
009627.jpg 29 14 497 332 2
008923.jpg 15 31 366 176 3
006437.jpg 164 147 281 180 2
002135.jpg 1 132 30 171 3 26 131 69 160 3 58 125 110 157 3 258 118 285 140 3 218 126 265 160 3 266 128 363 203 3 332 139 375 241 3
004346.jpg 3 250 392 326 3 358 255 453 306 3 438 259 500 322 3
004095.jpg 186 97 323 304 5
008639.jpg 234 133 320 268 5 407 301 500 375 5
008388.jpg 1 1 450 337 3
000800.jpg 235 165 328 208 3 443 174 500 206 3 78 170 113 192 3 38 170 71 188 3
009272.jpg 14 69 487 219 0
006438.jpg 192 97 359 225 3 1 87 40 140 3
000355.jpg 22 36 427 293 3
003031.jpg 6 89 493 315 4
006736.jpg 102 170 282 241 3
004998.jpg 146 22 432 180 4
004539.jpg 4 268 164 374 3 42 243 125 282 3 345 253 500 373 3 421 236 500 263 3 268 240 308 269 3
000620.jpg 114 182 303 309 3
002270.jpg 70 49 475 317 1
001755.jpg 61 17 500 333 4
008890.jpg 110 154 358 249 5
003890.jpg 7 270 282 500 4
002109.jpg 137 72 290 182 4
003885.jpg 156 373 222 425 3
007691.jpg 270 85 500 321 3
000887.jpg 25 49 473 247 0
005539.jpg 164 36 458 351 4
002345.jpg 78 144 282 477 5
008976.jpg 258 118 341 250 4
001576.jpg 51 172 458 280 3
003200.jpg 213 209 456 272 0 1 68 228 288 0
007964.jpg 52 118 407 245 3
002391.jpg 1 107 123 360 4
003165.jpg 42 52 273 301 3
008260.jpg 94 71 457 255 5
004743.jpg 1 2 500 375 4
001364.jpg 69 43 405 290 3
008905.jpg 2 82 500 298 0
006564.jpg 1 58 500 232 0
008336.jpg 272 257 306 285 3 297 248 380 330 3
001662.jpg 11 106 482 269 3
002374.jpg 126 143 312 241 2
006569.jpg 183 83 385 157 2 32 97 141 154 2
006234.jpg 15 63 499 232 4
005806.jpg 216 154 349 286 3 125 75 189 154 3
008856.jpg 50 3 500 375 4
008044.jpg 365 173 495 207 2 450 186 500 237 3 240 204 392 247 3
001418.jpg 32 34 344 473 5
000815.jpg 286 143 481 224 0 10 104 322 236 0
008840.jpg 139 2 425 258 5
002833.jpg 63 41 498 330 3
009745.jpg 347 184 431 229 3 98 192 214 267 3
004962.jpg 255 172 348 208 3
004113.jpg 171 2 487 372 5
003525.jpg 160 1 448 375 4
000973.jpg 30 51 488 331 1
003343.jpg 167 82 407 333 5
004409.jpg 1 1 361 275 5
000454.jpg 1 15 460 297 5
009670.jpg 101 109 245 262 4 334 73 441 166 4
008838.jpg 122 45 334 278 2
006230.jpg 1 33 487 356 5
004089.jpg 210 122 462 299 3 19 58 266 201 3
004196.jpg 148 71 351 229 0
004286.jpg 9 91 492 226 0
000845.jpg 9 97 493 206 0
002228.jpg 78 177 106 197 2
001718.jpg 97 14 439 333 5
009285.jpg 3 61 433 344 4
006495.jpg 196 150 338 365 4
001043.jpg 61 9 482 309 4
008747.jpg 43 49 309 261 2 320 144 375 190 3
000549.jpg 1 49 341 499 4
009961.jpg 69 4 392 345 5
008360.jpg 2 21 401 280 2 396 157 426 203 3
002934.jpg 31 5 393 441 4 2 263 392 500 4
001638.jpg 187 83 337 236 0
001642.jpg 11 2 331 463 5
001209.jpg 196 96 273 238 5
005497.jpg 2 167 334 500 5
000972.jpg 20 115 433 288 3
001432.jpg 2 2 499 375 3
009516.jpg 17 62 375 500 4
002101.jpg 142 360 333 487 5
003627.jpg 135 1 365 333 5
007149.jpg 18 3 468 443 5
001931.jpg 44 114 489 288 3
004430.jpg 93 25 245 302 1
009282.jpg 14 74 431 288 3
006458.jpg 196 62 493 271 3 26 110 235 265 3
008503.jpg 3 5 218 375 2 434 281 500 375 3 351 222 461 298 3 256 245 366 360 3 254 212 331 270 3 320 184 366 222 3
005209.jpg 82 75 416 299 3
006089.jpg 152 130 298 255 3
005897.jpg 419 201 488 240 3 251 246 452 343 3
003365.jpg 118 108 450 197 0
009681.jpg 6 94 442 262 0
005888.jpg 277 40 500 373 5 13 69 334 375 5
007920.jpg 1 274 119 415 2 115 329 234 409 2 114 298 278 397 2 269 316 358 389 2
008478.jpg 1 169 53 245 1 24 160 100 240 1 134 161 207 215 1 94 138 422 306 3 373 131 500 227 3
006893.jpg 143 291 245 357 3
006449.jpg 2 15 500 367 1
006507.jpg 160 89 263 223 5
008940.jpg 8 6 493 333 0
007854.jpg 18 323 293 485 1
002202.jpg 46 18 373 357 4
002606.jpg 351 196 432 228 3 252 194 369 238 3 193 196 252 241 3
004352.jpg 5 96 493 370 5
003554.jpg 75 126 436 250 0
005391.jpg 25 109 463 226 0
008494.jpg 210 143 296 230 2
009464.jpg 1 91 447 358 4
000461.jpg 9 100 323 231 3
006210.jpg 403 92 500 255 3 374 134 426 206 3
009528.jpg 86 67 489 322 4
009066.jpg 98 95 467 351 5
001290.jpg 26 170 477 336 3
003110.jpg 213 127 275 266 5 121 107 188 234 5
007334.jpg 93 23 448 297 4
000494.jpg 1 58 369 458 3
006212.jpg 7 151 475 339 0
002466.jpg 125 92 421 217 5
000919.jpg 39 82 352 330 5
002699.jpg 89 119 427 236 2
006702.jpg 274 108 496 227 0 37 180 199 238 0
004519.jpg 92 110 408 241 3
004228.jpg 42 71 429 262 3 40 56 122 87 3
009371.jpg 2 1 497 186 0
003137.jpg 1 45 406 310 2
003127.jpg 3 2 499 350 4
002151.jpg 29 1 305 327 4
005519.jpg 86 149 174 358 4 223 76 389 289 4
000768.jpg 369 103 475 283 2 33 46 369 330 2
002513.jpg 253 243 269 259 0 247 227 263 243 0 225 206 241 223 0 219 191 234 206 0 207 219 223 238 0 212 238 228 256 0 188 229 203 250 0
005918.jpg 53 27 469 266 3 15 25 126 123 3 385 33 500 123 3 295 29 353 85 3
001400.jpg 121 199 340 318 0
001545.jpg 132 171 338 240 0
001858.jpg 17 99 475 216 0
003184.jpg 2 74 500 375 4 147 78 430 361 4
002772.jpg 32 146 436 273 3
003231.jpg 38 270 167 366 3
007468.jpg 3 1 493 359 3
007375.jpg 23 35 500 375 0
002508.jpg 67 52 444 293 1
009059.jpg 97 85 314 187 2
008883.jpg 155 220 318 285 2 333 225 408 284 2
002140.jpg 39 86 256 215 5
000755.jpg 362 217 393 231 1
002546.jpg 196 17 440 375 5
000180.jpg 14 110 496 356 3
006417.jpg 78 109 401 262 3 1 126 79 278 3 8 116 105 190 3 283 82 499 233 3
003586.jpg 2 1 247 188 4
000153.jpg 237 147 358 191 3
007653.jpg 17 165 472 282 3
001825.jpg 1 39 403 300 4
006829.jpg 1 65 424 375 5
009862.jpg 2 109 375 500 3
002153.jpg 83 166 375 291 3
008784.jpg 429 139 484 168 3 200 140 235 170 3 150 140 194 169 3 44 141 93 172 3 324 131 382 170 3
005839.jpg 84 93 435 426 3 2 113 124 250 3
006065.jpg 4 29 500 287 5
004618.jpg 258 367 336 424 3
008930.jpg 2 59 375 500 4
009186.jpg 62 213 156 248 3 1 216 62 246 3
008843.jpg 120 106 483 332 3
005373.jpg 245 150 300 188 3 329 149 372 178 3
002722.jpg 58 48 485 317 1
006425.jpg 74 37 300 490 4
005743.jpg 73 94 220 219 5
009037.jpg 325 166 500 257 2
007292.jpg 1 74 500 330 0
004606.jpg 320 284 351 317 0
003009.jpg 135 294 386 363 3
006279.jpg 31 127 499 244 0
005789.jpg 237 137 500 347 5
004432.jpg 2 23 498 498 4
002248.jpg 65 2 500 301 3
004830.jpg 104 110 418 212 3
001107.jpg 12 96 493 225 0
005901.jpg 181 64 376 316 4 104 153 404 375 4
005047.jpg 3 1 500 244 3
005065.jpg 1 57 479 298 3
005518.jpg 125 83 295 344 5
006321.jpg 54 200 232 412 5
002266.jpg 231 251 458 346 0 5 118 499 258 0
001268.jpg 29 90 323 245 3 265 62 489 178 3
003331.jpg 161 140 313 226 3 438 134 500 179 3 101 145 190 181 3 280 139 351 171 3 422 121 480 153 3
000486.jpg 34 25 337 404 4
008425.jpg 322 258 496 341 5
005879.jpg 5 33 310 494 4
002847.jpg 36 76 499 250 0
001582.jpg 338 176 500 365 4 1 78 124 168 4
005831.jpg 36 147 465 344 3
003551.jpg 32 112 432 291 3 1 106 217 194 3 298 99 358 118 3 339 104 418 133 3
003163.jpg 56 66 441 240 2
009326.jpg 101 109 314 211 3
002869.jpg 21 94 489 226 0
009269.jpg 100 167 404 327 3
004748.jpg 27 215 234 334 0 265 253 330 276 0 376 309 422 332 3 346 326 405 357 3
009350.jpg 8 289 336 475 3
005601.jpg 2 161 427 382 5
009163.jpg 177 66 419 166 2 22 110 176 194 3 2 112 29 169 3
007343.jpg 28 1 500 394 4
005470.jpg 3 3 375 500 4
009507.jpg 189 145 245 178 3 323 149 355 173 3
001093.jpg 52 55 479 371 3 109 39 178 64 3
000544.jpg 286 93 491 229 4 1 66 307 326 4
003912.jpg 114 100 487 394 4
002544.jpg 81 119 422 277 3 165 72 259 114 3 246 75 312 111 3 300 75 364 107 3 286 61 362 97 3
001937.jpg 11 211 332 433 3
000937.jpg 334 46 426 101 3 46 36 443 277 3
007614.jpg 24 40 459 331 3
002917.jpg 73 89 472 313 3 48 96 163 142 3
006325.jpg 276 277 363 353 3
002315.jpg 177 37 394 249 5
005749.jpg 49 131 483 297 3
003351.jpg 160 83 461 347 4
009743.jpg 150 165 342 220 4
003844.jpg 137 163 266 329 4 173 151 355 333 4
001148.jpg 222 167 248 187 3
006971.jpg 1 1 500 333 4
009623.jpg 149 52 454 232 3
001541.jpg 1 8 450 316 4
001467.jpg 253 81 475 241 5
008197.jpg 451 187 497 227 3 336 177 366 207 3
003195.jpg 167 149 321 276 2 327 227 474 269 3
007089.jpg 43 46 468 270 5
006480.jpg 119 110 210 155 0
003214.jpg 230 143 496 220 3
003935.jpg 98 55 347 340 5
009515.jpg 2 216 62 250 3 66 195 135 231 3 118 172 167 198 3 115 176 144 198 3
004973.jpg 111 149 235 239 3 281 149 408 240 3
000431.jpg 32 89 497 360 0 85 316 125 340 3
005960.jpg 94 284 166 370 4
004977.jpg 1 1 464 280 5
008522.jpg 198 144 335 188 0
004108.jpg 5 127 493 327 3
009839.jpg 160 159 369 279 3
007622.jpg 2 1 497 330 3
004777.jpg 178 101 437 360 5
002199.jpg 69 163 477 372 5
002737.jpg 125 91 420 200 0
008523.jpg 235 125 436 249 0 1 1 323 322 0
000077.jpg 240 1 500 333 4 2 1 306 333 4
002184.jpg 169 128 343 287 5
007883.jpg 442 193 477 210 3
000268.jpg 180 103 436 281 0 1 58 262 333 0
005592.jpg 122 135 277 207 3
003634.jpg 268 102 471 215 3 46 105 200 195 3
000912.jpg 153 33 500 334 4
000078.jpg 15 75 475 412 5 94 41 437 238 5
001747.jpg 92 4 383 375 4
007773.jpg 153 277 211 311 2
007029.jpg 372 129 500 323 1
000343.jpg 25 74 489 323 3
001144.jpg 4 52 500 286 0
007283.jpg 22 124 243 255 1 243 117 480 256 1 236 50 304 76 3
002146.jpg 25 62 343 493 5
002023.jpg 27 47 483 300 3
001486.jpg 110 61 461 269 4
000748.jpg 47 100 440 246 2
006805.jpg 36 13 447 397 5
007050.jpg 135 93 310 332 4
001371.jpg 187 214 247 262 3 259 218 288 243 3 291 216 360 262 3
005968.jpg 98 1 500 333 5
008533.jpg 4 28 481 424 4
008031.jpg 15 82 483 303 3
002812.jpg 236 198 366 260 3 13 142 227 261 2
002470.jpg 23 86 417 462 4
008429.jpg 148 127 370 188 3
001906.jpg 103 147 393 272 4
005640.jpg 107 188 245 271 3
000142.jpg 26 81 465 266 3
003083.jpg 344 455 375 480 3 270 426 375 480 2
004999.jpg 157 101 307 216 5
002129.jpg 106 50 256 122 0 110 95 280 176 0 126 142 323 236 0 167 194 408 313 0
004992.jpg 54 57 480 294 5
008101.jpg 224 124 332 168 0 214 93 334 134 0
002785.jpg 222 1 475 178 4
002578.jpg 42 36 435 312 5
002995.jpg 1 24 392 500 4
002182.jpg 15 121 438 252 3
000888.jpg 295 204 351 245 3 72 208 209 319 3
003045.jpg 153 54 500 248 4
000404.jpg 133 89 394 321 3
009398.jpg 1 4 422 333 4
006262.jpg 43 98 481 257 4
001203.jpg 31 6 327 208 5
008687.jpg 2 2 415 262 5
006884.jpg 3 2 242 178 3
008958.jpg 50 35 500 359 3
000396.jpg 86 170 353 259 3
008442.jpg 231 70 387 221 4
008819.jpg 131 79 294 450 5
009244.jpg 2 2 500 375 4
001985.jpg 81 92 238 486 5
009774.jpg 27 4 478 390 3 373 51 458 117 3 453 65 500 116 3
000016.jpg 92 72 305 473 1
004264.jpg 143 61 325 308 5
006162.jpg 38 100 445 215 0
003886.jpg 24 79 458 228 0
008275.jpg 44 24 459 331 0
001334.jpg 16 70 489 288 3 4 97 68 119 3
005655.jpg 134 180 287 230 0
004439.jpg 326 250 438 307 3 197 256 301 298 3 131 258 179 285 3 435 255 500 283 3
006224.jpg 246 167 310 196 3 238 86 289 107 3
004345.jpg 105 8 367 316 4
004823.jpg 1 80 498 331 3
000657.jpg 253 156 310 176 0 203 160 252 178 0 148 169 206 188 0 234 192 291 212 0
007070.jpg 132 4 464 332 5
002215.jpg 353 44 497 227 4 251 43 370 219 4 134 8 267 206 4 28 11 125 152 4 13 55 174 258 4
007679.jpg 26 236 232 325 1
008873.jpg 90 80 237 264 0
009805.jpg 97 133 392 276 4
002027.jpg 270 278 357 295 2
003936.jpg 34 202 190 259 3
009620.jpg 4 59 499 264 0 58 283 119 329 3
003835.jpg 176 278 289 332 3 7 276 45 300 3 43 197 185 313 2 1 231 34 291 2
003991.jpg 79 53 500 264 4
001397.jpg 128 121 214 263 5
003491.jpg 31 15 419 347 5
007411.jpg 59 47 466 413 5
002765.jpg 362 119 492 172 0 203 116 360 172 0 19 117 131 174 0 118 125 213 172 0
008416.jpg 274 39 454 333 5 114 120 273 277 5
005535.jpg 82 1 433 308 5
009348.jpg 145 90 363 209 0
008720.jpg 93 235 250 386 4
009724.jpg 33 2 479 375 4
009472.jpg 160 78 496 220 0
007968.jpg 132 1 341 287 5
009858.jpg 93 177 283 226 0
006290.jpg 466 191 500 270 3 21 67 471 308 2
001466.jpg 2 114 452 264 3
007011.jpg 1 46 235 372 5
003608.jpg 86 64 443 285 3
004009.jpg 153 106 274 255 0
003430.jpg 150 128 355 324 5
006097.jpg 1 77 454 281 3
008633.jpg 125 4 292 80 1 128 2 270 59 1 296 12 500 233 3 2 5 196 244 3
009405.jpg 139 1 500 367 5
006250.jpg 59 124 279 270 3
007640.jpg 78 121 500 307 4
007433.jpg 179 53 474 375 5
005079.jpg 22 110 454 305 0
002697.jpg 25 26 216 498 5 199 42 422 404 5 241 375 480 498 5
006362.jpg 40 28 406 332 3 1 114 146 277 3
008586.jpg 174 36 483 274 3
007489.jpg 198 42 491 372 5
002411.jpg 129 163 300 259 3
009307.jpg 7 13 400 367 0
000354.jpg 153 116 356 375 4
009035.jpg 1 1 333 482 4
008512.jpg 209 106 318 207 5
006035.jpg 270 244 344 275 3 151 251 225 274 3
009834.jpg 88 75 449 280 3
005588.jpg 150 223 266 311 3
005696.jpg 4 101 325 436 5
004576.jpg 30 64 441 245 3 385 68 497 137 3
001768.jpg 1 63 261 344 4
003821.jpg 50 42 405 374 5
007650.jpg 78 274 156 344 2 156 123 335 414 2 1 316 42 365 3
003984.jpg 137 36 500 261 4
001395.jpg 35 24 499 375 4
000849.jpg 23 56 159 328 5
008359.jpg 353 43 477 184 3 21 36 364 343 3
005679.jpg 440 47 500 119 3 42 27 443 330 3 2 74 115 312 3 33 42 140 124 3
006597.jpg 19 17 445 305 5
005254.jpg 139 142 307 304 5
001972.jpg 18 76 291 415 5
008885.jpg 1 42 350 496 4
008254.jpg 1 51 418 314 4
000117.jpg 1 42 498 284 0
009408.jpg 58 92 227 284 0
007417.jpg 40 67 306 208 5 304 105 451 211 4
003536.jpg 111 100 500 375 5
006084.jpg 141 64 500 282 4
008558.jpg 103 36 295 198 5 284 108 475 328 5 102 166 284 349 5
000947.jpg 36 43 217 474 5
004174.jpg 3 233 136 381 2
005760.jpg 41 124 232 227 3 220 127 448 229 3
002134.jpg 1 61 484 342 3
006139.jpg 82 86 165 153 5 325 167 500 375 5
001288.jpg 68 76 426 209 0 357 272 497 317 0 196 272 316 314 0
004203.jpg 163 37 284 151 3 270 62 320 115 3 1 2 203 385 3
000099.jpg 4 77 320 252 4
002854.jpg 3 175 500 331 3
008415.jpg 267 139 379 310 5 36 104 206 217 5
009605.jpg 89 18 458 369 5
004600.jpg 178 40 298 281 4
003500.jpg 1 81 373 368 4
005379.jpg 34 92 346 232 5
000289.jpg 49 99 337 231 3
009461.jpg 216 164 264 201 0 229 196 278 231 0
001971.jpg 139 71 499 266 4
003000.jpg 193 114 278 164 0
004985.jpg 1 59 475 297 4
003658.jpg 25 10 496 333 1
008169.jpg 276 163 436 343 4 11 174 91 226 3
000605.jpg 321 175 386 192 3
006606.jpg 92 134 417 290 5 118 89 263 181 5
008854.jpg 71 1 500 333 4
001559.jpg 197 185 224 215 3 146 175 183 226 3
008995.jpg 31 381 121 439 1
009212.jpg 1 198 323 500 5
005899.jpg 125 125 379 260 5 1 1 142 149 3
004786.jpg 27 120 500 314 3
007779.jpg 111 248 186 298 3 186 221 305 298 3 305 247 387 295 3
002064.jpg 20 61 472 331 1
006371.jpg 16 23 485 307 1
005577.jpg 1 138 479 375 3
008909.jpg 22 61 486 308 3
006636.jpg 26 75 355 238 0
007419.jpg 172 66 479 339 4
000317.jpg 118 151 407 221 3
000541.jpg 259 194 335 219 3
000262.jpg 343 96 500 196 3
003233.jpg 1 78 498 344 0
005489.jpg 252 166 329 203 3 409 71 464 94 3
006067.jpg 41 184 291 257 0
009179.jpg 243 307 328 356 3
004295.jpg 36 11 453 351 3
006219.jpg 186 96 365 312 5
007565.jpg 143 34 395 263 4 59 124 362 355 4
006735.jpg 40 24 402 490 5
009112.jpg 35 57 361 298 5
006916.jpg 299 73 500 328 5 5 87 351 331 5
006900.jpg 1 117 150 203 3 1 151 61 310 3 86 120 490 337 3 327 82 465 185 3
005954.jpg 173 54 375 484 4
007905.jpg 15 87 496 330 3
004808.jpg 114 162 423 273 3
009126.jpg 19 40 490 268 2
006849.jpg 51 94 285 195 5 236 117 500 274 5
009502.jpg 200 89 331 227 5
003047.jpg 383 80 434 189 1 277 87 366 173 1 190 80 262 161 1
006674.jpg 41 58 250 500 4
002019.jpg 43 82 500 298 3
002099.jpg 1 92 500 331 0
006619.jpg 110 128 222 195 0
004963.jpg 68 41 475 304 4
008968.jpg 86 50 443 332 3
001636.jpg 59 123 121 216 1
000756.jpg 67 8 365 500 5
003216.jpg 135 74 380 285 5
007279.jpg 176 55 500 280 2 55 237 155 272 3
000387.jpg 5 18 482 255 3
009911.jpg 75 137 417 265 0
007527.jpg 28 372 60 404 3 237 377 316 425 3 284 390 355 428 3 313 390 443 431 3 210 389 240 416 3 182 380 233 417 3 133 382 177 411 3 108 381 149 408 3
009587.jpg 3 1 500 337 5
005590.jpg 21 75 309 316 4 234 59 333 252 4 314 47 500 316 4
002201.jpg 4 23 498 374 2
006196.jpg 68 1 500 373 3
008517.jpg 1 2 345 333 3
001778.jpg 97 39 404 284 5
000120.jpg 66 121 440 276 5
006062.jpg 37 139 381 241 3 422 97 472 116 3 72 91 112 105 3
009896.jpg 139 134 372 323 4
003363.jpg 2 233 314 479 3 300 259 334 291 3
002415.jpg 3 1 331 500 5
008037.jpg 147 50 461 234 3
009699.jpg 40 49 438 284 3 404 51 500 144 3 1 44 101 151 3 262 39 411 101 3
007601.jpg 19 68 482 299 3 2 91 50 181 3
001056.jpg 167 166 415 334 5 1 1 350 300 5
001225.jpg 100 212 303 414 5
004303.jpg 1 3 305 281 2 410 129 482 154 3 295 130 410 169 3 389 127 435 145 3
003773.jpg 13 121 485 230 0
002001.jpg 280 71 312 90 0 170 110 206 128 0 183 190 216 204 0 189 206 223 221 0 249 190 283 204 0
007692.jpg 229 102 386 230 5
005020.jpg 270 181 436 234 3
006337.jpg 55 111 418 318 5
007068.jpg 3 157 357 342 3 2 110 357 186 3 34 74 357 133 3 63 46 338 118 3 94 24 321 75 3
003508.jpg 1 157 269 500 5
000380.jpg 3 4 499 331 1
004011.jpg 87 97 415 267 3
007585.jpg 131 14 466 364 5 178 322 258 482 5
002766.jpg 167 116 323 238 4
001385.jpg 179 118 365 194 2 104 156 179 189 3 46 157 89 188 3
009213.jpg 308 204 426 287 3
003636.jpg 184 222 258 298 2 283 272 344 325 3 158 273 217 317 3 7 284 271 371 3 302 247 355 309 3 282 238 378 277 3 356 232 406 256 3
008667.jpg 15 22 433 328 0
007479.jpg 5 24 500 261 3
002696.jpg 40 33 280 277 5
003774.jpg 1 88 428 225 5
003325.jpg 23 12 217 374 5 332 128 500 375 5
006512.jpg 86 66 415 375 4
004502.jpg 57 60 399 391 4
007791.jpg 30 61 440 326 5 256 233 470 360 5
003632.jpg 76 73 500 368 5
000161.jpg 104 34 446 390 3 68 195 121 288 3
007935.jpg 124 126 380 284 5
008269.jpg 21 30 500 335 4
009105.jpg 34 40 500 315 2
001494.jpg 122 243 321 371 3
005175.jpg 25 198 207 267 0 195 196 337 256 0 330 206 429 247 0
001607.jpg 21 1 500 374 5
002816.jpg 51 145 454 307 2
007974.jpg 1 2 313 375 4
002291.jpg 125 100 422 337 3
007058.jpg 1 152 472 400 3
000647.jpg 166 69 443 234 0
001862.jpg 245 33 291 65 3 57 61 436 375 3
008107.jpg 10 57 494 232 0
000977.jpg 149 271 179 295 3 36 262 94 309 3 178 245 263 319 3 258 266 293 296 3 321 253 397 333 3 327 259 454 332 3
005062.jpg 160 141 401 266 5
001821.jpg 92 125 362 248 3
001092.jpg 131 63 456 332 5
003990.jpg 245 135 500 375 5
007274.jpg 1 108 497 264 0
006794.jpg 92 117 373 203 0
001708.jpg 6 93 498 245 0
008822.jpg 1 12 393 333 5
009678.jpg 49 124 472 348 2
004034.jpg 102 118 375 458 5
007663.jpg 49 94 461 296 3
008329.jpg 54 141 369 233 3
002944.jpg 15 15 302 369 4
006570.jpg 1 54 311 237 5 107 129 334 328 5
008296.jpg 52 103 500 324 3
005159.jpg 303 227 453 280 3 19 212 65 241 3
006949.jpg 1 7 443 326 4
009042.jpg 116 92 406 194 5
008530.jpg 1 32 327 333 5
009334.jpg 93 115 435 289 1
006125.jpg 140 128 353 291 4
000872.jpg 2 15 393 287 0
006009.jpg 134 118 298 235 3
003671.jpg 135 6 358 323 5
008815.jpg 2 30 230 364 4
007537.jpg 277 40 388 220 5 54 74 218 238 5
009147.jpg 44 90 455 310 4
007474.jpg 277 71 433 322 5 43 45 327 372 5
001052.jpg 65 101 431 281 3
004548.jpg 141 58 414 272 5
002437.jpg 86 9 375 338 4
009619.jpg 210 137 306 251 5
008811.jpg 3 56 500 375 1
006349.jpg 5 36 495 256 0
003032.jpg 34 90 471 232 0 132 253 176 306 3 1 240 143 331 3
009121.jpg 160 134 304 231 3 1 110 100 208 3 46 96 141 172 3 29 56 110 108 3 391 57 473 124 3 162 19 233 69 3 420 99 500 178 3 427 148 500 248 3
008346.jpg 28 99 210 487 5
009455.jpg 125 2 500 334 4
007223.jpg 5 1 370 333 4
005262.jpg 372 205 500 298 3 14 159 53 185 3 80 114 342 241 2
000656.jpg 230 61 447 174 5
004878.jpg 36 129 432 375 4
006183.jpg 54 207 360 436 4
008831.jpg 12 241 276 403 1 257 253 497 404 1
002445.jpg 13 89 349 490 4
006456.jpg 48 36 373 313 5
007422.jpg 116 135 398 284 3
005056.jpg 43 45 242 213 5
006962.jpg 353 196 467 284 5
004284.jpg 100 118 212 185 3 251 104 389 182 3
003085.jpg 174 81 327 266 4
009702.jpg 336 49 418 85 0 198 61 278 105 0 210 135 291 170 0 47 83 132 120 0 81 140 160 175 0 87 220 164 254 0
000590.jpg 199 109 500 336 3
002006.jpg 1 3 475 375 4
009221.jpg 57 65 421 277 4
008326.jpg 19 102 479 231 0
004929.jpg 215 21 500 375 5
002375.jpg 11 15 496 316 4
001845.jpg 27 177 230 343 3 3 194 37 266 3
003028.jpg 1 42 499 293 0
003673.jpg 231 145 500 374 5 63 2 252 375 5
006565.jpg 1 134 401 373 4
008620.jpg 15 22 404 375 5
006719.jpg 420 46 500 170 3 241 40 404 195 3 150 40 209 73 3 221 40 266 70 3
004087.jpg 1 29 412 375 3
002609.jpg 40 40 217 255 5
009761.jpg 43 24 375 476 1
007626.jpg 34 110 473 266 0
003441.jpg 105 98 378 274 2
002994.jpg 164 280 309 338 3 67 282 147 328 3
003007.jpg 29 2 500 296 3
001610.jpg 16 56 368 276 4
004863.jpg 61 61 421 282 3
006128.jpg 94 194 500 323 3 64 195 225 264 3
002371.jpg 1 23 471 357 1
009406.jpg 19 20 489 266 3
005838.jpg 73 17 467 287 4
001761.jpg 27 87 500 273 0
001870.jpg 4 16 400 400 0
008848.jpg 270 232 419 337 3 116 230 174 314 2
000246.jpg 60 44 331 310 5
008772.jpg 8 84 491 373 4
006931.jpg 24 277 312 430 3 1 243 50 285 3 91 197 143 218 3 125 197 184 215 3 181 196 235 215 3 221 194 263 216 3 244 196 296 217 3 287 186 333 219 3
000509.jpg 1 2 468 375 3
000609.jpg 16 134 460 275 5
000469.jpg 16 28 454 315 3
005819.jpg 348 167 479 260 4 52 114 242 277 4
007749.jpg 128 23 500 375 5
000794.jpg 220 208 302 272 4
007758.jpg 54 50 196 215 4
000036.jpg 27 79 319 344 5
008338.jpg 26 5 486 140 2
009085.jpg 13 125 486 238 0 421 292 493 325 0 107 301 161 325 0
009801.jpg 168 209 279 249 3 1 220 33 244 3 368 218 404 233 3
004186.jpg 9 95 402 375 2 2 25 266 248 2 281 39 364 84 3 351 11 412 45 3 366 29 442 74 3 296 2 351 25 3
008799.jpg 22 50 500 298 0
000325.jpg 100 63 500 200 0
009098.jpg 1 284 197 500 4 6 3 418 500 4
006740.jpg 56 29 442 295 4
001184.jpg 81 279 207 356 1
002875.jpg 36 74 499 292 5
007003.jpg 188 216 327 287 2 38 256 235 375 3 196 256 313 363 3
005270.jpg 49 113 500 360 4
009923.jpg 112 148 252 333 4
009480.jpg 13 111 273 281 0
002067.jpg 172 40 398 321 4
008716.jpg 196 93 361 207 3
009959.jpg 192 142 330 187 3
002493.jpg 27 203 314 375 3
004052.jpg 47 108 398 213 0
007454.jpg 179 56 500 314 4 18 43 393 361 4
009039.jpg 214 273 340 323 0
001104.jpg 1 4 394 334 5
001387.jpg 38 43 375 466 4 213 138 375 465 4
006556.jpg 2 2 500 333 5
000776.jpg 17 26 481 193 3
003872.jpg 205 170 309 245 5
005715.jpg 39 8 474 375 4
002279.jpg 26 12 443 318 0
004570.jpg 3 3 370 245 0
004452.jpg 411 251 454 302 0
006203.jpg 46 366 275 458 3
004367.jpg 109 51 500 375 3
007025.jpg 79 48 440 375 4
002354.jpg 64 128 451 252 0
006922.jpg 126 71 480 227 0
005779.jpg 134 27 500 331 5
005016.jpg 10 121 196 183 0 119 53 489 190 0
007517.jpg 32 55 320 484 4
002810.jpg 84 59 360 256 5
002436.jpg 66 158 217 210 3 452 149 500 199 3
001012.jpg 225 117 307 206 0
004488.jpg 202 241 263 272 3 271 241 319 267 3
008741.jpg 4 4 374 499 1
005352.jpg 137 97 237 291 5
008606.jpg 114 75 348 360 5
005416.jpg 1 25 469 439 5
002706.jpg 119 61 351 330 4
003753.jpg 45 55 500 321 5
001293.jpg 3 14 451 491 5
000537.jpg 111 12 396 400 5
001314.jpg 68 2 369 323 4
004396.jpg 238 197 267 215 0
001934.jpg 36 55 239 262 4
002490.jpg 206 137 287 247 2 1 134 147 340 2 139 207 188 287 3 168 209 222 266 3
000882.jpg 82 37 500 357 5
005980.jpg 53 8 420 312 4
008466.jpg 212 121 442 230 3
000118.jpg 164 97 281 375 4
007204.jpg 32 1 274 238 4
003721.jpg 15 103 444 248 3
005406.jpg 172 126 235 187 0
009562.jpg 16 38 355 472 5
001316.jpg 150 61 500 374 5
003133.jpg 32 55 435 213 0
001877.jpg 1 53 498 308 3
007908.jpg 191 2 500 333 2
009830.jpg 43 18 401 315 3
003229.jpg 347 161 433 225 0
009378.jpg 8 19 313 394 4
003790.jpg 54 115 462 269 3
008757.jpg 49 82 421 290 1
004526.jpg 104 74 436 239 3
007424.jpg 90 61 451 270 3
004135.jpg 35 121 454 245 0
007954.jpg 28 111 380 212 5
004120.jpg 59 41 500 301 2
006252.jpg 136 86 486 303 5
007655.jpg 4 18 500 354 1
003051.jpg 30 82 283 207 3
006318.jpg 234 130 360 309 4
003674.jpg 79 1 476 375 4
002677.jpg 3 3 319 375 4
004057.jpg 59 84 354 315 1
002058.jpg 111 67 500 239 4
009106.jpg 1 105 356 340 3
005365.jpg 54 2 429 345 5
007470.jpg 143 32 371 277 0
007843.jpg 49 306 471 450 3
000318.jpg 322 79 436 167 3 201 81 301 143 3
006734.jpg 164 126 479 367 3
002439.jpg 41 102 415 228 0
009748.jpg 68 86 400 338 5
009571.jpg 88 243 249 302 0
006994.jpg 24 2 484 268 5
007868.jpg 31 16 388 378 4
005457.jpg 64 123 387 274 3
004628.jpg 235 1 443 279 4
002646.jpg 18 103 487 323 3
009913.jpg 40 82 447 261 3
000637.jpg 10 2 487 373 1
005559.jpg 105 12 500 375 4
002534.jpg 347 156 386 185 3 226 157 281 197 3
002343.jpg 294 89 375 125 3 213 78 260 98 3 2 103 500 344 3
006374.jpg 157 127 412 279 0
003021.jpg 26 43 478 305 2
000501.jpg 22 22 349 492 5
003656.jpg 34 37 91 84 4
002034.jpg 8 122 207 288 4 272 69 474 199 5
002348.jpg 186 135 299 253 0 61 114 179 230 0
006269.jpg 4 1 419 293 4
003117.jpg 152 52 439 310 3
006174.jpg 49 76 388 374 5
000263.jpg 19 224 355 323 3
005358.jpg 231 131 278 155 0
000552.jpg 4 122 498 258 0 98 75 426 167 0
000653.jpg 432 83 500 131 3 373 83 458 135 3 311 85 408 140 3 1 95 106 172 3 2 94 444 312 3
002278.jpg 8 76 486 312 2
000514.jpg 36 1 500 374 0
001237.jpg 115 156 266 213 3
009785.jpg 75 63 394 320 3
004792.jpg 115 135 257 336 4
001555.jpg 333 294 390 368 4
003713.jpg 176 230 228 276 3 2 217 75 344 3 283 234 324 255 3 372 221 496 287 3 315 216 370 255 3 80 204 140 271 3
007280.jpg 203 103 345 177 0 142 121 281 195 0
006595.jpg 118 24 457 304 4
001360.jpg 7 91 448 272 3
002937.jpg 72 57 369 298 3 283 43 500 179 3
001277.jpg 2 31 500 289 0
009870.jpg 272 70 466 290 5 26 43 315 276 5
005769.jpg 68 162 497 343 4
007095.jpg 226 130 437 290 2
004961.jpg 18 80 497 305 3
007241.jpg 7 71 479 365 2
003806.jpg 426 85 500 165 3 85 27 433 261 3
007834.jpg 91 48 277 448 5
002461.jpg 164 49 320 270 4
004189.jpg 171 57 344 280 5
004719.jpg 2 125 112 209 2 353 150 500 262 3
003606.jpg 28 32 492 375 3 276 76 500 281 3
005830.jpg 1 35 473 305 3
009615.jpg 17 89 490 235 0
007247.jpg 100 93 494 291 3
007372.jpg 62 242 333 324 0
001888.jpg 78 32 276 413 4
007667.jpg 458 333 494 353 3
008683.jpg 8 3 500 333 0
001539.jpg 102 167 357 350 1
009636.jpg 89 224 375 500 1
001239.jpg 108 60 320 160 5 228 138 381 375 5 118 94 286 307 5
003921.jpg 83 68 398 375 5
001009.jpg 33 11 500 375 4 4 44 263 316 4
009006.jpg 195 167 231 188 3 263 169 298 188 3 285 176 343 211 3
000190.jpg 426 197 500 273 2 235 216 323 258 2 51 210 152 308 2 1 209 55 313 2
005630.jpg 135 1 352 288 4
000065.jpg 2 104 398 334 5
005998.jpg 20 29 482 327 3
001676.jpg 30 38 483 219 3
009053.jpg 43 82 418 306 3
009351.jpg 123 2 500 375 0
007002.jpg 291 195 500 325 2
008009.jpg 2 2 328 374 5
002497.jpg 193 159 393 280 3
004587.jpg 209 298 322 356 5
004856.jpg 28 1 335 496 4
007097.jpg 31 113 422 216 0
005566.jpg 80 39 422 293 3 209 8 253 36 3 441 1 500 37 3
006260.jpg 100 56 500 233 4
000565.jpg 56 92 422 374 1
000303.jpg 15 39 500 280 3
004555.jpg 142 174 355 245 0
007546.jpg 157 143 275 178 2
004552.jpg 33 30 433 312 2
007820.jpg 5 19 500 257 0 277 74 431 139 0
001053.jpg 24 11 285 482 5
003876.jpg 93 98 174 144 0
008495.jpg 216 101 426 261 0
004076.jpg 77 53 415 280 4
003997.jpg 171 110 447 262 3
007612.jpg 94 189 258 500 5
000958.jpg 1 90 327 299 5
000060.jpg 1 137 427 333 3 1 62 479 235 3 1 27 422 141 3 44 7 458 134 3 199 6 475 98 3
005861.jpg 246 147 382 222 3 30 160 84 183 3 122 160 183 185 3
005828.jpg 86 62 443 210 0
003013.jpg 85 117 432 291 3
002647.jpg 221 174 306 212 3
008581.jpg 105 59 333 309 3 1 167 234 495 3
005071.jpg 10 156 55 180 3 293 163 327 186 3 327 181 379 206 3 422 174 459 198 3 444 201 493 237 3 103 199 198 230 3 65 164 121 187 3
005868.jpg 19 134 488 324 3
007383.jpg 324 207 385 238 3 403 207 473 241 3
003596.jpg 78 107 429 304 3 233 72 286 96 3
008262.jpg 29 77 471 322 2
002478.jpg 280 250 483 335 3
003299.jpg 2 3 499 260 0
004351.jpg 100 25 162 75 0
004429.jpg 11 118 496 336 3 71 8 220 124 1
003809.jpg 107 128 485 274 3
004674.jpg 2 36 500 332 0
009063.jpg 48 149 181 189 0 260 124 392 176 0
009764.jpg 242 131 482 340 2 31 86 242 352 2
005952.jpg 94 8 465 122 0 1 38 84 114 0
000522.jpg 36 128 434 271 3
003293.jpg 2 86 333 500 5
003667.jpg 16 45 421 445 0
006524.jpg 278 2 495 95 3 125 3 302 91 3 1 1 138 94 3
003546.jpg 132 82 257 228 4
008939.jpg 409 233 500 312 3
002377.jpg 91 123 500 375 1
000007.jpg 141 50 500 330 3
009584.jpg 178 4 263 104 4 323 174 487 358 4 256 225 409 375 4
007878.jpg 66 67 294 373 4
007682.jpg 92 35 372 387 4
007062.jpg 1 36 436 375 1
009644.jpg 36 78 481 303 3
008521.jpg 76 2 381 375 4
005752.jpg 3 40 433 322 5
